StartChar: zero
Encoding: 48 48 19
Width: 560
GlyphClass: 1
Flags: W
TtInstrs:
MPPEM
PUSHB_1
 31
LT
IF
NPUSHB
 23
 0
 3
 3
 1
 97
 0
 1
 1
 22
 77
 5
 1
 2
 2
 0
 97
 4
 1
 0
 0
 26
 0
 78
ELSE
NPUSHB
 21
 0
 1
 0
 3
 2
 1
 3
 105
 5
 1
 2
 2
 0
 97
 4
 1
 0
 0
 26
 0
 78
EIF
NPUSHB
 19
 17
 16
 1
 0
 29
 27
 16
 39
 17
 39
 9
 7
 0
 15
 1
 15
 6
 7
 22
CALL
EndTTInstrs
LayerCount: 2
Fore
SplineSet
280 -11 m 256,0,1
 206 -11 206 -11 152.5 30 c 128,-1,2
 99 71 99 71 70 153.5 c 128,-1,3
 41 236 41 236 41 362 c 256,4,5
 41 488 41 488 70 570.5 c 128,-1,6
 99 653 99 653 152.5 694 c 128,-1,7
 206 735 206 735 280 735 c 256,8,9
 354 735 354 735 407.5 694 c 128,-1,10
 461 653 461 653 490 570.5 c 128,-1,11
 519 488 519 488 519 362 c 256,12,13
 519 236 519 236 490 153.5 c 128,-1,14
 461 71 461 71 407.5 30 c 128,-1,15
 354 -11 354 -11 280 -11 c 256,0,1
280 60 m 0,16,17
 311 60 311 60 334.5 71 c 128,-1,18
 358 82 358 82 373.5 104.5 c 128,-1,19
 389 127 389 127 398.5 163 c 128,-1,20
 408 199 408 199 412.5 248.5 c 128,-1,21
 417 298 417 298 417 362 c 256,22,23
 417 426 417 426 412.5 475.5 c 128,-1,24
 408 525 408 525 398.5 561 c 128,-1,25
 389 597 389 597 373.5 619.5 c 128,-1,26
 358 642 358 642 334.5 653 c 128,-1,27
 311 664 311 664 280 664 c 256,28,29
 249 664 249 664 225.5 653 c 128,-1,30
 202 642 202 642 186.5 619.5 c 128,-1,31
 171 597 171 597 161.5 561 c 128,-1,32
 152 525 152 525 147.5 475.5 c 128,-1,33
 143 426 143 426 143 362 c 256,34,35
 143 298 143 298 147.5 248 c 128,-1,36
 152 198 152 198 161.5 162.5 c 128,-1,37
 171 127 171 127 186.5 104.5 c 128,-1,38
 202 82 202 82 225 71 c 128,-1,39
 248 60 248 60 280 60 c 0,16,17
EndSplineSet
Kerns2: 63 0 "'kern' Horizontal Kerning lookup 0 per glyph data 1"
EndChar

StartChar: one
Encoding: 49 49 20
Width: 560
GlyphClass: 1
Flags: W
TtInstrs:
PUSHB_7
 15
 14
 2
 4
 5
 1
 76
MPPEM
PUSHB_1
 31
LT
IF
NPUSHB
 25
 0
 4
 0
 3
 0
 4
 3
 105
 0
 5
 5
 14
 77
 2
 1
 0
 0
 1
 96
 0
 1
 1
 15
 1
 78
ELSE
NPUSHB
 25
 0
 5
 4
 5
 133
 0
 4
 0
 3
 0
 4
 3
 105
 2
 1
 0
 0
 1
 96
 0
 1
 1
 18
 1
 78
EIF
NPUSHB
 9
 20
 17
 25
 33
 17
 35
 6
 7
 28
CALL
EndTTInstrs
LayerCount: 2
Fore
SplineSet
354 104 m 2,0,1
 354 90 354 90 367 82.5 c 128,-1,2
 380 75 380 75 405 72 c 128,-1,3
 430 69 430 69 465 69 c 2,4,-1
 512 69 l 1,5,-1
 512 0 l 1,6,-1
 95 0 l 1,7,-1
 95 69 l 1,8,-1
 152 69 l 2,9,10
 185 69 185 69 208 72 c 128,-1,11
 231 75 231 75 243 82.5 c 128,-1,12
 255 90 255 90 255 104 c 2,13,-1
 255 656 l 1,14,-1
 272 664 l 1,15,16
 265 637 265 637 247 618 c 128,-1,17
 229 599 229 599 203 587 c 128,-1,18
 177 575 177 575 145 569.5 c 128,-1,19
 113 564 113 564 78 564 c 1,20,-1
 78 642 l 1,21,22
 118 642 118 642 151 646.5 c 128,-1,23
 184 651 184 651 210 660.5 c 128,-1,24
 236 670 236 670 255.5 686 c 128,-1,25
 275 702 275 702 287 725 c 1,26,-1
 354 725 l 1,27,-1
 354 104 l 2,0,1
EndSplineSet
Kerns2: 63 0 "'kern' Horizontal Kerning lookup 0 per glyph data 1"
EndChar

StartChar: two
Encoding: 50 50 21
Width: 560
GlyphClass: 1
Flags: W
TtInstrs:
NPUSHB
 12
 28
 20
 2
 2
 3
 47
 42
 2
 0
 5
 2
 76
MPPEM
PUSHB_1
 10
LT
IF
NPUSHB
 36
 0
 2
 3
 5
 3
 2
 5
 128
 0
 5
 0
 0
 5
 112
 0
 3
 3
 1
 97
 0
 1
 1
 22
 77
 6
 1
 0
 0
 4
 96
 0
 4
 4
 15
 4
 78
ELSE
MPPEM
PUSHB_1
 31
LT
IF
NPUSHB
 37
 0
 2
 3
 5
 3
 2
 5
 128
 0
 5
 0
 3
 5
 0
 126
 0
 3
 3
 1
 97
 0
 1
 1
 22
 77
 6
 1
 0
 0
 4
 96
 0
 4
 4
 15
 4
 78
ELSE
NPUSHB
 35
 0
 2
 3
 5
 3
 2
 5
 128
 0
 5
 0
 3
 5
 0
 126
 0
 1
 0
 3
 2
 1
 3
 105
 6
 1
 0
 0
 4
 96
 0
 4
 4
 18
 4
 78
EIF
EIF
NPUSHB
 19
 1
 0
 46
 45
 44
 43
 33
 31
 22
 21
 17
 15
 0
 50
 1
 49
 7
 7
 22
CALL
EndTTInstrs
LayerCount: 2
Fore
SplineSet
316 79 m 2,0,-1
 68 79 l 2,1,2
 65 77 65 77 66.5 73 c 128,-1,3
 68 69 68 69 71.5 64.5 c 128,-1,4
 75 60 75 60 79.5 56.5 c 128,-1,5
 84 53 84 53 87 52 c 0,6,7
 146 102 146 102 204 148.5 c 128,-1,8
 262 195 262 195 314 241 c 128,-1,9
 366 287 366 287 405.5 334.5 c 128,-1,10
 445 382 445 382 467.5 434 c 128,-1,11
 490 486 490 486 490 543 c 0,12,13
 490 608 490 608 466 650.5 c 128,-1,14
 442 693 442 693 392.5 714 c 128,-1,15
 343 735 343 735 268 735 c 0,16,17
 218 735 218 735 176.5 722 c 128,-1,18
 135 709 135 709 105 690 c 128,-1,19
 75 671 75 671 59 653 c 1,20,-1
 59 521 l 1,21,-1
 156 521 l 1,22,-1
 156 652 l 2,23,24
 156 661 156 661 148.5 657.5 c 128,-1,25
 141 654 141 654 131.5 644 c 128,-1,26
 122 634 122 634 114 621 c 128,-1,27
 106 608 106 608 105 597 c 1,28,29
 121 617 121 617 144.5 631.5 c 128,-1,30
 168 646 168 646 199 654 c 128,-1,31
 230 662 230 662 268 662 c 0,32,33
 308 662 308 662 334.5 653 c 128,-1,34
 361 644 361 644 375.5 619 c 128,-1,35
 390 594 390 594 390 543 c 0,36,37
 390 491 390 491 374 448.5 c 128,-1,38
 358 406 358 406 328 367.5 c 128,-1,39
 298 329 298 329 255.5 290 c 128,-1,40
 213 251 213 251 158.5 205.5 c 128,-1,41
 104 160 104 160 40 103 c 1,42,-1
 40 0 l 1,43,-1
 510 0 l 1,44,-1
 510 216 l 1,45,-1
 439 216 l 1,46,-1
 430 112 l 2,47,48
 429 95 429 95 417 88 c 128,-1,49
 405 81 405 81 380.5 80 c 128,-1,50
 356 79 356 79 316 79 c 2,0,-1
EndSplineSet
Kerns2: 63 0 "'kern' Horizontal Kerning lookup 0 per glyph data 1" 18 0 "'kern' Horizontal Kerning lookup 0 per glyph data 1"
EndChar

StartChar: three
Encoding: 51 51 22
Width: 560
GlyphClass: 1
Flags: W
TtInstrs:
NPUSHB
 20
 19
 16
 2
 2
 3
 2
 1
 8
 4
 1
 1
 5
 0
 52
 51
 2
 6
 5
 4
 76
MPPEM
PUSHB_1
 31
LT
IF
NPUSHB
 51
 0
 2
 3
 4
 3
 2
 4
 128
 9
 1
 8
 4
 0
 4
 8
 114
 0
 0
 5
 5
 0
 112
 0
 4
 0
 5
 6
 4
 5
 103
 0
 3
 3
 1
 97
 0
 1
 1
 22
 77
 0
 6
 6
 7
 97
 0
 7
 7
 26
 7
 78
ELSE
MPPEM
PUSHB_1
 34
LT
IF
NPUSHB
 49
 0
 2
 3
 4
 3
 2
 4
 128
 9
 1
 8
 4
 0
 4
 8
 114
 0
 0
 5
 5
 0
 112
 0
 1
 0
 3
 2
 1
 3
 105
 0
 4
 0
 5
 6
 4
 5
 103
 0
 6
 6
 7
 97
 0
 7
 7
 26
 7
 78
ELSE
MPPEM
PUSHB_1
 38
LT
IF
NPUSHB
 50
 0
 2
 3
 4
 3
 2
 4
 128
 9
 1
 8
 4
 0
 4
 8
 114
 0
 0
 5
 4
 0
 5
 126
 0
 1
 0
 3
 2
 1
 3
 105
 0
 4
 0
 5
 6
 4
 5
 103
 0
 6
 6
 7
 97
 0
 7
 7
 26
 7
 78
ELSE
NPUSHB
 51
 0
 2
 3
 4
 3
 2
 4
 128
 9
 1
 8
 4
 0
 4
 8
 0
 128
 0
 0
 5
 4
 0
 5
 126
 0
 1
 0
 3
 2
 1
 3
 105
 0
 4
 0
 5
 6
 4
 5
 103
 0
 6
 6
 7
 97
 0
 7
 7
 26
 7
 78
EIF
EIF
EIF
NPUSHB
 17
 0
 0
 0
 64
 0
 64
 39
 38
 33
 38
 41
 20
 39
 19
 10
 7
 30
CALL
EndTTInstrs
LayerCount: 2
Fore
SplineSet
268 387 m 1,0,-1
 340 371 l 1,1,-1
 340 400 l 1,2,-1
 250 377 l 1,3,4
 302 377 302 377 346.5 389.5 c 128,-1,5
 391 402 391 402 424.5 426 c 128,-1,6
 458 450 458 450 477 484 c 128,-1,7
 496 518 496 518 496 561 c 0,8,9
 496 616 496 616 471 655 c 128,-1,10
 446 694 446 694 397.5 714.5 c 128,-1,11
 349 735 349 735 278 735 c 0,12,13
 224 735 224 735 183.5 722.5 c 128,-1,14
 143 710 143 710 115.5 693 c 128,-1,15
 88 676 88 676 73 660 c 1,16,-1
 73 541 l 1,17,-1
 167 541 l 1,18,-1
 167 655 l 1,19,20
 157 654 157 654 148 648.5 c 128,-1,21
 139 643 139 643 132.5 635.5 c 128,-1,22
 126 628 126 628 122.5 619.5 c 128,-1,23
 119 611 119 611 119 605 c 1,24,25
 133 619 133 619 152.5 632 c 128,-1,26
 172 645 172 645 202 653.5 c 128,-1,27
 232 662 232 662 276 662 c 0,28,29
 318 662 318 662 345 652.5 c 128,-1,30
 372 643 372 643 385.5 619 c 128,-1,31
 399 595 399 595 399 551 c 0,32,33
 399 503 399 503 381.5 474 c 128,-1,34
 364 445 364 445 331.5 432.5 c 128,-1,35
 299 420 299 420 251 420 c 2,36,-1
 155 420 l 1,37,-1
 155 341 l 1,38,-1
 263 341 l 2,39,40
 323 341 323 341 357 326 c 128,-1,41
 391 311 391 311 405.5 279.5 c 128,-1,42
 420 248 420 248 420 199 c 0,43,44
 420 147 420 147 403 117 c 128,-1,45
 386 87 386 87 353.5 75 c 128,-1,46
 321 63 321 63 271 63 c 0,47,48
 214 63 214 63 177.5 81 c 128,-1,49
 141 99 141 99 118 130 c 128,-1,50
 95 161 95 161 79 200 c 1,51,-1
 24 149 l 1,52,53
 46 100 46 100 75.5 64 c 128,-1,54
 105 28 105 28 152 8.5 c 128,-1,55
 199 -11 199 -11 271 -11 c 0,56,57
 327 -11 327 -11 372.5 3 c 128,-1,58
 418 17 418 17 451 44.5 c 128,-1,59
 484 72 484 72 502 111 c 128,-1,60
 520 150 520 150 520 201 c 0,61,62
 520 258 520 258 496 299.5 c 128,-1,63
 472 341 472 341 417 364 c 128,-1,64
 362 387 362 387 268 387 c 1,0,-1
EndSplineSet
Kerns2: 63 0 "'kern' Horizontal Kerning lookup 0 per glyph data 1"
EndChar

StartChar: four
Encoding: 52 52 23
Width: 560
GlyphClass: 1
Flags: W
TtInstrs:
NPUSHB
 12
 21
 18
 7
 3
 5
 1
 22
 1
 6
 5
 2
 76
MPPEM
PUSHB_1
 31
LT
IF
NPUSHB
 28
 0
 5
 8
 1
 6
 0
 5
 6
 104
 4
 1
 1
 1
 14
 77
 2
 1
 0
 0
 3
 95
 7
 1
 3
 3
 15
 3
 78
ELSE
NPUSHB
 28
 4
 1
 1
 5
 1
 133
 0
 5
 8
 1
 6
 0
 5
 6
 104
 2
 1
 0
 0
 3
 95
 7
 1
 3
 3
 18
 3
 78
EIF
NPUSHB
 22
 17
 17
 0
 0
 17
 25
 17
 25
 24
 23
 20
 19
 0
 16
 0
 16
 36
 21
 33
 9
 7
 25
CALL
EndTTInstrs
LayerCount: 2
Fore
SplineSet
237 0 m 1,0,-1
 237 75 l 1,1,-1
 260 75 l 2,2,3
 285 75 285 75 303.5 78 c 128,-1,4
 322 81 322 81 332 89 c 128,-1,5
 342 97 342 97 342 111 c 2,6,-1
 342 698 l 1,7,-1
 345 710 l 1,8,-1
 436 710 l 1,9,-1
 436 111 l 2,10,11
 436 97 436 97 446.5 89 c 128,-1,12
 457 81 457 81 475.5 78 c 128,-1,13
 494 75 494 75 518 75 c 2,14,-1
 538 75 l 1,15,-1
 538 0 l 1,16,-1
 237 0 l 1,0,-1
36 213 m 1,17,-1
 36 292 l 1,18,-1
 299 710 l 1,19,-1
 369 710 l 1,20,-1
 368 683 l 1,21,-1
 90 244 l 1,22,-1
 65 283 l 1,23,-1
 544 283 l 1,24,-1
 544 213 l 1,25,-1
 36 213 l 1,17,-1
EndSplineSet
Kerns2: 63 0 "'kern' Horizontal Kerning lookup 0 per glyph data 1" 18 0 "'kern' Horizontal Kerning lookup 0 per glyph data 1"
EndChar

StartChar: five
Encoding: 53 53 24
Width: 560
GlyphClass: 1
Flags: W
TtInstrs:
NPUSHB
 11
 17
 1
 2
 3
 40
 39
 2
 6
 4
 2
 76
MPPEM
PUSHB_1
 31
LT
IF
NPUSHB
 38
 0
 4
 5
 6
 5
 4
 6
 128
 0
 1
 0
 5
 4
 1
 5
 105
 0
 2
 2
 3
 95
 0
 3
 3
 14
 77
 0
 6
 6
 0
 97
 7
 1
 0
 0
 26
 0
 78
ELSE
NPUSHB
 36
 0
 4
 5
 6
 5
 4
 6
 128
 0
 3
 0
 2
 1
 3
 2
 103
 0
 1
 0
 5
 4
 1
 5
 105
 0
 6
 6
 0
 97
 7
 1
 0
 0
 26
 0
 78
EIF
NPUSHB
 21
 1
 0
 36
 34
 28
 26
 23
 22
 21
 20
 19
 18
 9
 7
 0
 43
 1
 43
 8
 7
 22
CALL
EndTTInstrs
LayerCount: 2
Fore
SplineSet
261 -11 m 0,0,1
 338 -11 338 -11 395.5 16.5 c 128,-1,2
 453 44 453 44 484.5 99.5 c 128,-1,3
 516 155 516 155 516 239 c 0,4,5
 516 316 516 316 490.5 369 c 128,-1,6
 465 422 465 422 416.5 449.5 c 128,-1,7
 368 477 368 477 300 477 c 0,8,9
 260 477 260 477 227 466 c 128,-1,10
 194 455 194 455 168.5 432 c 128,-1,11
 143 409 143 409 127 373 c 0,12,13
 126 361 126 361 133 356.5 c 128,-1,14
 140 352 140 352 148.5 353.5 c 128,-1,15
 157 355 157 355 158 361 c 2,16,-1
 158 690 l 1,17,-1
 122 634 l 1,18,-1
 449 634 l 1,19,-1
 474 710 l 1,20,-1
 84 710 l 1,21,-1
 84 326 l 1,22,-1
 150 326 l 1,23,24
 165 353 165 353 183 369.5 c 128,-1,25
 201 386 201 386 225.5 394 c 128,-1,26
 250 402 250 402 283 402 c 0,27,28
 323 402 323 402 353 388 c 128,-1,29
 383 374 383 374 399.5 338.5 c 128,-1,30
 416 303 416 303 416 239 c 0,31,32
 416 172 416 172 398.5 133.5 c 128,-1,33
 381 95 381 95 347.5 79.5 c 128,-1,34
 314 64 314 64 265 64 c 0,35,36
 207 64 207 64 173 80 c 128,-1,37
 139 96 139 96 120 121.5 c 128,-1,38
 101 147 101 147 86 177 c 1,39,-1
 26 131 l 1,40,41
 45 90 45 90 72.5 58 c 128,-1,42
 100 26 100 26 145 7.5 c 128,-1,43
 190 -11 190 -11 261 -11 c 0,0,1
EndSplineSet
Kerns2: 63 0 "'kern' Horizontal Kerning lookup 0 per glyph data 1" 18 0 "'kern' Horizontal Kerning lookup 0 per glyph data 1"
EndChar

StartChar: six
Encoding: 54 54 25
Width: 560
GlyphClass: 1
Flags: W
TtInstrs:
NPUSHB
 36
 23
 1
 3
 2
 1
 76
 1
 1
 1
 74
 0
 1
 0
 2
 3
 1
 2
 105
 0
 3
 3
 0
 97
 0
 0
 0
 26
 0
 78
 38
 39
 38
 41
 4
 7
 26
CALL
EndTTInstrs
LayerCount: 2
Fore
SplineSet
466 670 m 1,0,-1
 456 740 l 1,1,2
 355 729 355 729 278 699 c 128,-1,3
 201 669 201 669 149 615.5 c 128,-1,4
 97 562 97 562 70.5 483 c 128,-1,5
 44 404 44 404 44 295 c 256,6,7
 44 186 44 186 74 118.5 c 128,-1,8
 104 51 104 51 160 20.5 c 128,-1,9
 216 -10 216 -10 293 -10 c 0,10,11
 367 -10 367 -10 419 22.5 c 128,-1,12
 471 55 471 55 498.5 112 c 128,-1,13
 526 169 526 169 526 241 c 0,14,15
 526 312 526 312 502.5 362.5 c 128,-1,16
 479 413 479 413 433.5 440.5 c 128,-1,17
 388 468 388 468 322 468 c 0,18,19
 269 468 269 468 229.5 446 c 128,-1,20
 190 424 190 424 162 385.5 c 128,-1,21
 134 347 134 347 112 296 c 1,22,-1
 118 250 l 1,23,24
 146 305 146 305 173.5 336 c 128,-1,25
 201 367 201 367 233.5 380.5 c 128,-1,26
 266 394 266 394 307 394 c 0,27,28
 355 394 355 394 380 375 c 128,-1,29
 405 356 405 356 414.5 322 c 128,-1,30
 424 288 424 288 424 241 c 0,31,32
 424 188 424 188 410.5 148.5 c 128,-1,33
 397 109 397 109 368 86.5 c 128,-1,34
 339 64 339 64 292 64 c 0,35,36
 256 64 256 64 228 74.5 c 128,-1,37
 200 85 200 85 181.5 111 c 128,-1,38
 163 137 163 137 153 182 c 128,-1,39
 143 227 143 227 143 295 c 0,40,41
 143 399 143 399 163 467.5 c 128,-1,42
 183 536 183 536 223 577 c 128,-1,43
 263 618 263 618 323.5 639 c 128,-1,44
 384 660 384 660 466 670 c 1,0,-1
EndSplineSet
Kerns2: 18 0 "'kern' Horizontal Kerning lookup 0 per glyph data 1"
EndChar

StartChar: seven
Encoding: 55 55 26
Width: 560
GlyphClass: 1
Flags: W
TtInstrs:
PUSHB_6
 14
 1
 0
 2
 1
 76
MPPEM
PUSHB_1
 10
LT
IF
NPUSHB
 24
 0
 3
 0
 1
 0
 3
 114
 4
 1
 0
 0
 2
 95
 0
 2
 2
 14
 77
 0
 1
 1
 15
 1
 78
ELSE
MPPEM
PUSHB_1
 31
LT
IF
NPUSHB
 25
 0
 3
 0
 1
 0
 3
 1
 128
 4
 1
 0
 0
 2
 95
 0
 2
 2
 14
 77
 0
 1
 1
 15
 1
 78
ELSE
NPUSHB
 23
 0
 3
 0
 1
 0
 3
 1
 128
 0
 2
 4
 1
 0
 3
 2
 0
 103
 0
 1
 1
 18
 1
 78
EIF
EIF
NPUSHB
 15
 1
 0
 18
 17
 16
 15
 9
 8
 0
 22
 1
 22
 5
 7
 22
CALL
EndTTInstrs
LayerCount: 2
Fore
SplineSet
249 619 m 2,0,-1
 488 619 l 1,1,-1
 471 644 l 1,2,3
 449 625 449 625 416.5 584.5 c 128,-1,4
 384 544 384 544 347 484.5 c 128,-1,5
 310 425 310 425 276 349.5 c 128,-1,6
 242 274 242 274 217.5 186 c 128,-1,7
 193 98 193 98 185 0 c 1,8,-1
 296 0 l 1,9,10
 305 124 305 124 324 214 c 128,-1,11
 343 304 343 304 373 373 c 128,-1,12
 403 442 403 442 443 501.5 c 128,-1,13
 483 561 483 561 532 625 c 1,14,-1
 532 710 l 1,15,-1
 57 710 l 1,16,-1
 57 492 l 1,17,-1
 128 492 l 1,18,-1
 135 576 l 2,19,20
 137 594 137 594 148 603.5 c 128,-1,21
 159 613 159 613 183.5 616 c 128,-1,22
 208 619 208 619 249 619 c 2,0,-1
EndSplineSet
EndChar

StartChar: eight
Encoding: 56 56 27
Width: 560
GlyphClass: 1
Flags: W
TtInstrs:
NPUSHB
 13
 62
 61
 60
 59
 43
 42
 41
 40
 8
 1
 2
 1
 76
MPPEM
PUSHB_1
 31
LT
IF
NPUSHB
 32
 7
 1
 2
 0
 1
 0
 2
 1
 105
 0
 3
 3
 4
 97
 8
 1
 4
 4
 22
 77
 6
 1
 0
 0
 5
 97
 0
 5
 5
 26
 5
 78
ELSE
NPUSHB
 30
 8
 1
 4
 0
 3
 2
 4
 3
 105
 7
 1
 2
 0
 1
 0
 2
 1
 105
 6
 1
 0
 0
 5
 97
 0
 5
 5
 26
 5
 78
EIF
NPUSHB
 27
 33
 32
 17
 16
 1
 0
 52
 50
 32
 69
 33
 69
 25
 23
 16
 31
 17
 31
 9
 7
 0
 15
 1
 15
 9
 7
 22
CALL
EndTTInstrs
LayerCount: 2
Fore
SplineSet
280 64 m 256,0,1
 328 64 328 64 360.5 78.5 c 128,-1,2
 393 93 393 93 410 123 c 128,-1,3
 427 153 427 153 427 201 c 0,4,5
 427 252 427 252 410 284 c 128,-1,6
 393 316 393 316 360.5 332 c 128,-1,7
 328 348 328 348 280 348 c 256,8,9
 232 348 232 348 199.5 332 c 128,-1,10
 167 316 167 316 150 284 c 128,-1,11
 133 252 133 252 133 201 c 0,12,13
 133 153 133 153 150 123 c 128,-1,14
 167 93 167 93 199.5 78.5 c 128,-1,15
 232 64 232 64 280 64 c 256,0,1
280 420 m 256,16,17
 319 420 319 420 345 435 c 128,-1,18
 371 450 371 450 383.5 478 c 128,-1,19
 396 506 396 506 396 545 c 0,20,21
 396 587 396 587 383.5 612.5 c 128,-1,22
 371 638 371 638 345 649.5 c 128,-1,23
 319 661 319 661 280 661 c 256,24,25
 241 661 241 661 215 649.5 c 128,-1,26
 189 638 189 638 176.5 612.5 c 128,-1,27
 164 587 164 587 164 545 c 0,28,29
 164 506 164 506 176.5 478 c 128,-1,30
 189 450 189 450 215 435 c 128,-1,31
 241 420 241 420 280 420 c 256,16,17
280 735 m 256,32,33
 346 735 346 735 392 713.5 c 128,-1,34
 438 692 438 692 461.5 651.5 c 128,-1,35
 485 611 485 611 485 554 c 0,36,37
 485 504 485 504 465 467 c 128,-1,38
 445 430 445 430 410 408 c 128,-1,39
 375 386 375 386 328 380 c 1,40,-1
 374 401 l 1,41,-1
 374 373 l 1,42,-1
 328 394 l 1,43,44
 384 387 384 387 428 361 c 128,-1,45
 472 335 472 335 497.5 293 c 128,-1,46
 523 251 523 251 523 196 c 0,47,48
 523 133 523 133 494.5 86.5 c 128,-1,49
 466 40 466 40 411.5 15 c 128,-1,50
 357 -10 357 -10 280 -10 c 256,51,52
 203 -10 203 -10 148.5 15 c 128,-1,53
 94 40 94 40 65.5 86.5 c 128,-1,54
 37 133 37 133 37 196 c 0,55,56
 37 251 37 251 62.5 293 c 128,-1,57
 88 335 88 335 132.5 361 c 128,-1,58
 177 387 177 387 233 394 c 1,59,-1
 187 373 l 1,60,-1
 187 401 l 1,61,-1
 233 380 l 1,62,63
 187 386 187 386 151 408 c 128,-1,64
 115 430 115 430 95 467 c 128,-1,65
 75 504 75 504 75 554 c 0,66,67
 75 611 75 611 98.5 651.5 c 128,-1,68
 122 692 122 692 168 713.5 c 128,-1,69
 214 735 214 735 280 735 c 256,32,33
EndSplineSet
Kerns2: 18 0 "'kern' Horizontal Kerning lookup 0 per glyph data 1"
EndChar

StartChar: nine
Encoding: 57 57 28
Width: 560
GlyphClass: 1
Flags: W
TtInstrs:
NPUSHB
 10
 23
 1
 2
 3
 1
 76
 1
 1
 1
 73
MPPEM
PUSHB_1
 31
LT
IF
NPUSHB
 18
 0
 2
 0
 1
 2
 1
 101
 0
 3
 3
 0
 97
 0
 0
 0
 22
 3
 78
ELSE
NPUSHB
 24
 0
 0
 0
 3
 2
 0
 3
 105
 0
 2
 1
 1
 2
 89
 0
 2
 2
 1
 97
 0
 1
 2
 1
 81
EIF
PUSHB_7
 38
 39
 38
 41
 4
 7
 26
CALL
EndTTInstrs
LayerCount: 2
Fore
SplineSet
102 58 m 1,0,-1
 112 -15 l 1,1,2
 213 -4 213 -4 290.5 25.5 c 128,-1,3
 368 55 368 55 420.5 108.5 c 128,-1,4
 473 162 473 162 499.5 241 c 128,-1,5
 526 320 526 320 526 430 c 0,6,7
 526 541 526 541 496.5 608 c 128,-1,8
 467 675 467 675 412 705 c 128,-1,9
 357 735 357 735 280 735 c 0,10,11
 206 735 206 735 153 704.5 c 128,-1,12
 100 674 100 674 72 619.5 c 128,-1,13
 44 565 44 565 44 494 c 0,14,15
 44 426 44 426 68.5 375 c 128,-1,16
 93 324 93 324 138.5 296 c 128,-1,17
 184 268 184 268 250 268 c 0,18,19
 304 268 304 268 342.5 290 c 128,-1,20
 381 312 381 312 409 351 c 128,-1,21
 437 390 437 390 458 440 c 1,22,-1
 452 487 l 1,23,24
 425 433 425 433 397.5 401 c 128,-1,25
 370 369 370 369 338 355.5 c 128,-1,26
 306 342 306 342 264 342 c 0,27,28
 217 342 217 342 191.5 361.5 c 128,-1,29
 166 381 166 381 156 415.5 c 128,-1,30
 146 450 146 450 146 494 c 0,31,32
 146 546 146 546 160.5 583.5 c 128,-1,33
 175 621 175 621 204.5 641 c 128,-1,34
 234 661 234 661 281 661 c 0,35,36
 317 661 317 661 344.5 651.5 c 128,-1,37
 372 642 372 642 390 617.5 c 128,-1,38
 408 593 408 593 417.5 547.5 c 128,-1,39
 427 502 427 502 427 430 c 0,40,41
 427 324 427 324 407.5 255.5 c 128,-1,42
 388 187 388 187 347.5 147 c 128,-1,43
 307 107 307 107 246 87.5 c 128,-1,44
 185 68 185 68 102 58 c 1,0,-1
EndSplineSet
EndChar
